
#include <iostream>
using namespace std;
int main() {
	setlocale(0, "");
	cout << "[+]Программа - \"Лабиринт\"\n\n[+]Размер Лабиринта:\n\n[1]15x15\n[2]20x20\n[3]30x30\n\n[+]Выберите размер: ";
	int i;
	cin >> i;
	int labirint[15][15]{ 1,1,1,1,1,1,1,1,1,1,1,1,1,1,1,
					0,0,0,0,1,1,1,1,0,0,0,1,1,1,1,
					1,0,1,0,1,1,1,1,0,1,0,0,0,0,1,
					1,0,1,0,1,1,0,0,0,1,0,1,1,0,1,
					1,0,1,0,1,1,0,1,0,1,0,1,0,0,1,
					1,0,1,0,0,0,0,1,0,1,0,1,1,1,1,
					1,0,1,1,1,1,1,1,0,1,0,1,0,0,1,
					1,0,0,0,0,1,1,1,0,1,0,1,0,1,1,
					1,1,1,1,1,0,0,0,0,1,0,1,0,1,1,
					1,0,1,0,0,0,1,1,1,1,0,0,0,0,1,
					1,0,1,0,1,0,1,0,0,0,0,1,0,1,1,
					1,0,0,0,1,0,1,1,1,1,1,1,0,1,1,
					1,0,1,0,1,0,0,0,0,0,1,1,0,1,1,
					1,1,1,0,1,1,1,1,1,0,0,0,0,0,0,
					1,1,1,1,1,1,1,1,1,1,1,1,1,1,1 },

		labirint2[20][20]{ 1,1,1,1,1,1,1,1,1,1,1,1,1,1,1,1,1,1,1,1,
					0,0,0,0,0,0,0,0,0,0,0,1,1,1,0,1,0,0,0,1,
					1,0,1,0,1,1,1,1,1,1,0,0,0,0,0,1,0,1,1,1,
					1,0,1,0,1,1,0,0,0,1,0,1,1,0,0,0,0,0,1,1,
					1,0,1,0,1,1,0,1,0,1,0,1,0,0,1,1,1,0,0,1,
					1,0,1,0,0,0,0,1,0,1,0,1,1,1,1,1,1,1,1,1,
					1,0,1,1,1,1,1,1,0,1,0,1,0,0,0,0,0,0,1,1,
					1,0,0,0,0,1,1,1,0,1,0,1,0,1,0,1,1,0,1,1,
					1,1,1,1,1,0,0,0,0,1,0,1,0,1,0,1,1,0,0,1,
					1,0,1,0,0,0,1,1,1,1,0,1,0,1,0,0,0,1,1,1,
					1,0,1,0,1,0,1,0,0,0,0,1,0,1,0,1,0,0,0,1,
					1,0,0,0,1,0,1,1,1,1,1,1,0,1,0,1,0,1,0,1,
					1,0,1,0,1,0,0,0,0,0,0,0,0,1,0,1,0,0,1,1,
					1,1,1,0,1,1,1,1,1,1,1,1,1,1,0,1,1,1,0,1,
					1,0,0,0,1,0,0,1,0,0,0,1,1,1,0,0,0,1,0,1,
					1,1,0,1,1,0,1,1,0,1,1,1,1,1,1,1,0,0,0,1,
					1,0,0,1,1,0,0,0,0,0,1,0,0,0,0,0,0,1,1,1,
					1,0,0,0,0,0,1,1,1,0,1,0,1,1,1,1,1,1,1,1,
					1,0,1,0,1,0,0,1,0,0,1,0,0,0,0,0,0,0,0,0,
					1,1,1,1,1,1,1,1,1,1,1,1,1,1,1,1,1,1,1,1 },

		labirint3[30][30]{ 1,1,1,1,1,1,1,1,1,1,1,1,1,1,1,1,1,1,1,1,1,1,1,1,1,1,1,1,1,1,
					0,0,0,0,0,0,0,0,0,0,0,1,1,1,0,1,0,0,0,0,0,1,1,1,1,0,0,1,0,1,
					1,0,1,0,1,1,1,1,1,1,0,0,0,0,0,1,0,1,1,1,0,1,0,0,0,1,0,0,0,1,
					1,0,1,0,1,1,0,0,0,1,0,1,1,0,0,0,0,0,1,1,0,1,0,1,0,1,0,0,1,1,
					1,0,1,0,1,1,0,1,0,1,0,1,0,0,1,1,1,0,0,1,0,0,0,1,0,1,1,0,1,1,
					1,0,1,0,0,0,0,1,0,1,0,1,1,1,1,1,1,1,1,0,1,1,1,1,0,1,1,0,1,1,
					1,0,1,1,1,1,1,1,0,1,0,1,0,0,0,0,0,0,1,0,0,0,0,1,0,1,0,0,0,1,
					1,0,0,0,0,1,1,1,0,1,0,1,0,1,0,1,1,0,1,0,1,0,1,1,0,1,0,1,0,1,
					1,1,1,1,1,0,0,0,0,1,0,1,0,1,0,1,1,0,0,1,1,0,0,0,0,1,0,1,0,1,
					1,0,1,0,0,0,1,1,1,1,0,1,0,1,0,0,0,1,1,1,1,1,1,1,0,0,0,1,0,1,
					1,0,1,0,1,0,1,0,0,0,0,1,0,1,0,1,0,0,0,1,1,1,1,1,1,1,1,1,0,1,
					1,0,0,0,1,0,1,1,1,1,1,1,0,1,0,1,0,1,0,1,1,0,0,0,0,0,1,1,0,1,
					1,0,1,0,1,0,0,0,0,0,0,0,0,1,0,1,0,0,1,1,1,0,1,1,1,0,1,1,0,1,
					1,1,1,0,1,1,1,1,1,1,1,1,1,1,0,1,1,1,0,1,1,0,0,1,1,0,1,1,0,1,
					1,0,0,0,1,0,0,1,0,0,0,1,1,1,0,0,0,1,0,1,1,1,0,1,1,0,1,0,0,1,
					1,1,0,1,1,0,1,1,0,1,1,1,1,1,1,1,0,0,0,1,0,0,0,1,1,0,1,1,0,1,
					1,0,0,1,1,0,0,0,0,0,1,0,0,0,0,0,0,1,1,1,0,1,1,1,1,0,1,1,0,1,
					1,0,0,0,0,0,1,1,1,0,1,0,1,1,1,1,1,1,1,1,0,1,1,1,1,0,1,0,0,1,
					1,0,1,0,1,0,0,1,0,0,1,0,0,0,0,0,0,0,0,0,0,1,0,0,0,0,1,0,1,1,
					1,0,1,0,0,1,0,1,1,1,1,1,1,0,1,1,0,1,1,1,1,1,0,1,0,1,1,1,1,1,
					1,1,1,1,0,1,0,1,0,0,0,0,0,0,1,0,0,1,1,1,1,1,0,1,0,1,0,0,0,1,
					1,0,0,1,0,0,0,1,0,1,0,1,0,1,0,0,1,1,1,0,0,0,0,1,1,1,0,1,0,1,
					1,1,0,0,1,1,1,1,0,1,0,1,0,1,1,0,1,1,1,0,1,1,1,0,0,0,0,1,0,1,
					1,0,1,0,1,1,1,1,0,0,0,1,0,1,1,0,0,0,1,0,1,0,0,0,1,1,1,1,0,1,
					1,0,0,0,1,0,0,0,0,1,0,1,0,0,0,0,1,0,1,0,1,0,1,0,0,1,1,1,0,1,
					1,1,0,1,1,0,1,0,1,1,0,1,1,1,1,0,1,0,0,0,1,0,1,1,0,1,0,0,0,1,
					1,0,0,0,0,0,1,0,0,1,0,1,0,0,0,1,1,1,1,1,0,0,1,1,0,1,0,1,1,1,
					1,1,0,1,0,1,0,0,1,1,0,0,0,1,0,1,0,0,0,0,0,1,0,1,0,1,0,0,0,1,
					1,0,0,0,0,1,1,0,0,0,1,1,1,1,0,0,0,1,1,1,1,0,0,0,0,1,1,1,0,0,
					1,1,1,1,1,1,1,1,1,1,1,1,1,1,1,1,1,1,1,1,1,1,1,1,1,1,1,1,1,1 };
	switch (i) {
	case 1: {
		for (int i2 = 0; i2 < 15; i2++) {
			for (int i3 = 0; i3 < 15; i3++)
				if (labirint[i2][i3] == 1)
					cout << "Ж";
				else
					cout << " ";
			cout << endl;
		}
		break;
	}
	case 2: {
		for (int i2 = 0; i2 < 20; i2++) {
			for (int i3 = 0; i3 < 20; i3++)
				if (labirint2[i2][i3] == 1)
					cout << "Ж";
				else
					cout << " ";
			cout << endl;
		}
		break;
	}
	case 3: {
		for (int i2 = 0; i2 < 30; i2++) {
			for (int i3 = 0; i3 < 30; i3++)
				if (labirint3[i2][i3] == 1)
					cout << "Ж";
				else
					cout << " ";
			cout << endl;
		}
		break;
	}
	default: {
		cout << "[-] Такого нет";
		break;
	}
	}
	return 0;
}